20120917,100000,2002.10000,2009.60000,2002.10000,2006.00000,25804
20120917,100500,2006.10000,2018.00000,2006.00000,2016.80000,33859
20120917,101000,2016.00000,2018.00000,2014.00000,2018.00000,20048
20120917,101500,2018.00000,2018.60000,2016.50000,2018.30000,7295
20120917,102000,2017.30000,2018.20000,2016.10000,2016.40000,5625
20120917,102500,2017.40000,2025.00000,2016.60000,2021.40000,37287
20120917,103000,2022.00000,2022.00000,2019.00000,2020.30000,3938
20120917,103500,2020.30000,2021.00000,2018.60000,2019.30000,5316
20120917,104000,2018.60000,2019.20000,2016.70000,2016.70000,5236
20120917,104500,2016.60000,2016.80000,2015.00000,2016.20000,3551
20120917,105000,2016.10000,2016.10000,2013.60000,2014.00000,8617
20120917,105500,2013.90000,2016.10000,2013.80000,2016.00000,6146
20120917,110000,2016.00000,2020.60000,2015.10000,2018.00000,10905
20120917,110500,2017.80000,2020.10000,2017.40000,2020.10000,9738
20120917,111000,2020.10000,2024.60000,2020.00000,2023.30000,23275
20120917,111500,2023.40000,2023.70000,2016.80000,2020.20000,71471
20120917,112000,2020.60000,2024.50000,2020.00000,2023.20000,35769
20120917,112500,2022.80000,2024.70000,2021.30000,2024.00000,14191
20120917,113000,2023.90000,2026.20000,2023.70000,2025.50000,14150
20120917,113500,2025.50000,2027.40000,2024.00000,2026.80000,7819
20120917,114000,2026.80000,2029.50000,2025.80000,2028.40000,7697
20120917,114500,2028.40000,2029.50000,2027.90000,2028.50000,7711
20120917,115000,2028.50000,2030.00000,2026.60000,2029.60000,19105
20120917,115500,2029.60000,2030.00000,2026.10000,2026.10000,12546
20120917,120000,2026.10000,2027.70000,2024.90000,2026.00000,6517
20120917,120500,2025.90000,2026.20000,2024.30000,2025.30000,6296
20120917,121000,2025.70000,2027.00000,2025.10000,2027.00000,2666
20120917,121500,2026.50000,2027.20000,2024.90000,2026.50000,5302
20120917,122000,2026.60000,2026.90000,2024.30000,2025.50000,15815
20120917,122500,2025.50000,2026.60000,2025.20000,2025.50000,8290
20120917,123000,2025.70000,2026.70000,2025.20000,2025.60000,5987
20120917,123500,2025.30000,2025.40000,2022.30000,2023.40000,12533
20120917,124000,2022.90000,2026.50000,2022.60000,2025.20000,20461
20120917,124500,2025.20000,2026.20000,2021.10000,2025.00000,40035
20120917,125000,2025.00000,2025.30000,2024.00000,2024.10000,16967
20120917,125500,2024.20000,2025.20000,2022.80000,2023.70000,19872
20120917,130000,2024.40000,2026.80000,2024.40000,2026.80000,16076
20120917,130500,2026.80000,2029.80000,2026.20000,2028.00000,31931
20120917,131000,2028.20000,2033.00000,2027.40000,2032.80000,28788
20120917,131500,2032.10000,2032.80000,2030.70000,2030.70000,4148
20120917,132000,2030.50000,2031.40000,2028.50000,2029.60000,5500
20120917,132500,2029.70000,2032.20000,2029.30000,2031.20000,7681
20120917,133000,2031.20000,2031.90000,2030.70000,2031.10000,1561
20120917,133500,2031.10000,2032.60000,2030.00000,2032.60000,8488
20120917,134000,2032.50000,2034.00000,2032.50000,2033.60000,11593
20120917,134500,2033.60000,2034.80000,2033.10000,2033.20000,10554
20120917,135000,2034.10000,2034.30000,2032.20000,2033.00000,1782
20120917,135500,2033.00000,2033.00000,2031.30000,2032.70000,4929
20120917,140000,2032.50000,2034.80000,2031.90000,2034.70000,1775
20120917,140500,2034.80000,2035.00000,2033.60000,2033.60000,10759
20120917,141000,2034.10000,2034.90000,2032.10000,2033.40000,11369
20120917,141500,2033.30000,2034.00000,2030.00000,2032.20000,14822
20120917,142000,2032.20000,2033.10000,2030.10000,2032.00000,21614
20120917,142500,2032.10000,2034.80000,2031.00000,2033.80000,28271
20120917,143000,2033.30000,2034.40000,2030.10000,2030.20000,6888
20120917,143500,2031.20000,2032.00000,2030.20000,2032.00000,855
20120917,144000,2032.20000,2034.20000,2031.80000,2034.00000,3433
20120917,144500,2033.10000,2033.90000,2031.20000,2031.20000,10432
20120917,145000,2031.50000,2033.00000,2031.30000,2031.40000,7735
20120917,145500,2032.00000,2032.00000,2031.40000,2031.70000,7463
20120917,150000,2032.00000,2034.30000,2030.10000,2033.00000,99881
20120917,150500,2033.10000,2034.60000,2032.00000,2034.10000,107323
20120917,151000,2032.90000,2034.30000,2031.50000,2033.00000,92480
20120917,151500,2033.80000,2036.90000,2033.00000,2034.90000,106939
20120917,152000,2036.10000,2039.20000,2034.80000,2038.00000,95545
20120917,152500,2038.70000,2040.00000,2038.00000,2038.60000,96778
20120917,153000,2039.50000,2039.80000,2034.00000,2036.20000,102101
20120917,153500,2036.90000,2038.10000,2034.20000,2037.50000,98510
20120917,154000,2036.90000,2040.30000,2036.90000,2038.20000,101784
20120917,154500,2038.20000,2040.00000,2036.10000,2036.50000,103878
20120917,155000,2037.10000,2037.70000,2034.90000,2036.20000,138997
20120917,155500,2036.90000,2037.80000,2027.30000,2028.90000,77555
20120917,160000,2029.00000,2032.60000,2028.80000,2032.60000,12865
20120917,160500,2032.30000,2033.40000,2032.00000,2033.20000,4903
20120917,161000,2033.50000,2033.50000,2032.20000,2032.80000,4841
20120917,161500,2032.80000,2035.40000,2030.90000,2034.40000,11713
20120917,162000,2034.40000,2034.90000,2033.10000,2033.50000,5662
20120917,162500,2033.50000,2034.20000,2029.00000,2029.20000,15746
20120917,163000,2029.30000,2031.00000,2025.60000,2029.10000,36828
20120917,163500,2029.00000,2032.00000,2027.80000,2031.10000,19091
20120917,164000,2031.10000,2033.20000,2029.70000,2030.70000,16082
20120917,164500,2031.40000,2036.00000,2030.20000,2032.30000,17739
20120917,165000,2032.00000,2035.70000,2031.70000,2034.00000,26481
20120917,165500,2034.00000,2034.80000,2033.00000,2034.00000,13648
20120917,170000,2034.00000,2035.30000,2033.80000,2033.80000,13449
20120917,170500,2034.10000,2037.60000,2034.10000,2036.00000,7268
20120917,171000,2036.40000,2036.40000,2032.00000,2032.00000,10586
20120917,171500,2032.00000,2033.30000,2031.00000,2031.00000,3730
20120917,172000,2031.00000,2032.70000,2031.00000,2032.00000,3836
20120917,172500,2032.50000,2032.50000,2028.10000,2028.30000,16220
20120917,173000,2028.90000,2031.70000,2028.90000,2030.40000,25916
20120917,173500,2030.20000,2031.60000,2029.50000,2030.10000,8331
20120917,174000,2030.10000,2030.80000,2028.30000,2029.60000,9365
20120917,174500,2029.60000,2031.10000,2028.30000,2029.00000,12262
20120917,175000,2029.20000,2030.00000,2028.50000,2028.60000,6230
20120917,175500,2029.20000,2032.40000,2029.10000,2030.80000,4317
20120917,180000,2031.00000,2033.30000,2030.80000,2032.90000,5495
20120917,180500,2032.60000,2032.90000,2031.60000,2031.60000,3793
20120917,181000,2031.50000,2033.90000,2031.20000,2032.60000,17239
20120917,181500,2033.00000,2034.90000,2032.00000,2032.60000,13975
20120917,182000,2032.60000,2032.70000,2030.40000,2032.20000,8505
20120917,182500,2031.90000,2034.50000,2030.40000,2034.10000,25049
20120917,183000,2032.90000,2034.60000,2032.40000,2032.60000,5329
20120917,183500,2032.60000,2038.90000,2031.70000,2035.90000,18875
20120917,184000,2036.40000,2039.80000,2030.00000,2033.60000,63283
20120918,100000,2025.80000,2031.00000,2025.60000,2028.30000,29030
20120918,100500,2028.70000,2030.90000,2027.00000,2029.00000,16240
20120918,101000,2029.00000,2031.00000,2027.70000,2030.60000,19148
20120918,101500,2030.00000,2045.90000,2029.00000,2035.00000,31423
20120918,102000,2034.50000,2035.00000,2031.20000,2031.20000,6560
20120918,102500,2031.20000,2031.90000,2027.50000,2027.50000,22582
20120918,103000,2027.40000,2028.60000,2026.80000,2028.00000,18962
20120918,103500,2027.90000,2028.10000,2026.90000,2028.10000,7061
20120918,104000,2027.50000,2028.10000,2027.10000,2027.80000,3636
20120918,104500,2027.40000,2029.40000,2027.40000,2029.00000,2367
20120918,105000,2028.60000,2029.00000,2027.60000,2028.00000,4774
20120918,105500,2027.50000,2028.00000,2027.30000,2027.30000,2687
20120918,110000,2027.30000,2027.80000,2026.40000,2026.40000,7421
20120918,110500,2026.50000,2027.40000,2025.90000,2025.90000,12887
20120918,111000,2026.00000,2028.60000,2025.90000,2027.30000,3544
20120918,111500,2027.30000,2029.30000,2007.70000,2010.50000,131377
20120918,112000,2010.60000,2012.00000,2008.70000,2011.20000,36358
20120918,112500,2011.20000,2012.00000,2002.50000,2008.40000,57585
20120918,113000,2008.40000,2011.30000,2007.70000,2010.90000,17871
20120918,113500,2010.90000,2011.30000,2005.50000,2005.80000,42815
20120918,114000,2005.70000,2008.20000,2005.00000,2007.30000,14043
20120918,114500,2007.50000,2009.00000,2007.00000,2009.00000,8138
20120918,115000,2008.10000,2009.50000,2007.70000,2008.00000,2056
20120918,115500,2008.50000,2015.00000,2008.00000,2013.80000,28526
20120918,120000,2013.80000,2017.00000,2013.50000,2016.20000,20946
20120918,120500,2016.30000,2016.90000,2012.50000,2013.60000,21531
20120918,121000,2013.60000,2013.60000,2007.50000,2008.50000,35478
20120918,121500,2008.00000,2008.50000,2003.50000,2006.00000,46794
20120918,122000,2006.00000,2011.90000,2006.00000,2011.20000,21465
20120918,122500,2011.70000,2012.80000,2011.30000,2012.80000,4335
20120918,123000,2012.70000,2012.70000,2011.20000,2012.00000,6259
20120918,123500,2011.70000,2014.00000,2011.70000,2013.90000,9251
20120918,124000,2013.90000,2014.90000,2013.40000,2014.90000,7417
20120918,124500,2014.60000,2015.00000,2014.40000,2014.40000,11645
20120918,125000,2014.90000,2015.00000,2014.50000,2014.90000,673
20120918,125500,2014.50000,2015.00000,2012.00000,2012.00000,10795
20120918,130000,2012.60000,2012.60000,2008.00000,2008.00000,10468
20120918,130500,2009.80000,2010.60000,2007.60000,2008.00000,4737
20120918,131000,2008.90000,2009.40000,2007.00000,2009.40000,22219
20120918,131500,2009.60000,2012.20000,2009.20000,2010.40000,15522
20120918,132000,2009.60000,2011.00000,2009.60000,2010.00000,6707
20120918,132500,2010.00000,2011.20000,2008.20000,2009.40000,4941
20120918,133000,2009.30000,2009.50000,2005.70000,2005.90000,7465
20120918,133500,2005.80000,2009.50000,2005.00000,2009.50000,22139
20120918,134000,2009.00000,2009.20000,2008.50000,2008.50000,1791
20120918,134500,2009.00000,2009.40000,2008.30000,2008.30000,1023
20120918,135000,2008.80000,2009.30000,2008.50000,2009.00000,1301
20120918,135500,2009.00000,2009.00000,2006.50000,2008.90000,29531
20120918,140000,2008.20000,2008.80000,2008.00000,2008.00000,4267
20120918,140500,2008.00000,2008.70000,2008.00000,2008.00000,4453
20120918,141000,2008.10000,2008.90000,2006.90000,2008.00000,24558
20120918,141500,2008.00000,2008.80000,2006.90000,2008.30000,2044
20120918,142000,2008.30000,2011.30000,2008.00000,2010.00000,9590
20120918,142500,2010.50000,2010.70000,2008.00000,2008.50000,12818
20120918,143000,2008.50000,2010.00000,2008.00000,2009.90000,19798
20120918,143500,2009.30000,2009.30000,2005.90000,2008.10000,79577
20120918,144000,2009.00000,2009.60000,2008.40000,2009.50000,1618
20120918,144500,2009.50000,2009.50000,2008.70000,2009.50000,3250
20120918,145000,2009.60000,2010.90000,2008.70000,2010.80000,9775
20120918,145500,2010.90000,2011.50000,2009.20000,2010.80000,14881
20120918,150000,2010.80000,2010.90000,2009.20000,2009.50000,1972
20120918,150500,2009.20000,2013.20000,2009.20000,2013.20000,5328
20120918,151000,2013.10000,2013.10000,2010.10000,2010.40000,4945
20120918,151500,2010.40000,2012.90000,2008.60000,2008.60000,46381
20120918,152000,2008.80000,2010.00000,2008.80000,2009.10000,3838
20120918,152500,2010.00000,2012.00000,2008.60000,2010.40000,32900
20120918,153000,2010.30000,2010.30000,2008.50000,2009.50000,3047
20120918,153500,2008.90000,2008.90000,2005.80000,2006.40000,10422
20120918,154000,2006.90000,2007.80000,2006.60000,2007.40000,6620
20120918,154500,2007.40000,2009.00000,2006.10000,2008.60000,30936
20120918,155000,2008.60000,2008.60000,2006.70000,2007.50000,7271
20120918,155500,2007.60000,2009.00000,2007.50000,2008.90000,904
20120918,160000,2008.10000,2008.80000,2006.90000,2006.90000,1623
20120918,160500,2006.90000,2008.30000,2006.70000,2008.30000,11065
20120918,161000,2008.30000,2009.30000,2007.50000,2008.00000,5913
20120918,161500,2007.80000,2008.90000,2007.00000,2007.00000,5334
20120918,162000,2006.60000,2007.60000,2006.10000,2007.40000,7564
20120918,162500,2006.70000,2006.90000,2005.20000,2006.00000,15792
20120918,163000,2006.00000,2006.90000,2004.30000,2005.20000,9193
20120918,163500,2005.00000,2006.40000,2004.10000,2004.40000,9164
20120918,164000,2004.90000,2006.20000,2004.00000,2004.80000,16747
20120918,164500,2004.20000,2009.20000,2004.00000,2006.80000,27834
20120918,165000,2006.70000,2008.20000,2004.70000,2005.60000,25824
20120918,165500,2004.80000,2006.40000,2003.90000,2005.10000,4712
20120918,170000,2005.10000,2007.20000,2005.00000,2006.30000,13274
20120918,170500,2006.30000,2007.00000,2006.00000,2006.70000,1292
20120918,171000,2006.30000,2006.80000,2005.20000,2006.40000,17932
20120918,171500,2006.60000,2007.40000,2005.80000,2006.80000,4837
20120918,172000,2006.60000,2007.50000,2005.00000,2006.00000,10593
20120918,172500,2006.00000,2006.00000,2005.30000,2006.00000,3604
20120918,173000,2005.50000,2006.00000,2003.00000,2003.00000,12530
20120918,173500,2003.00000,2004.60000,2001.10000,2002.00000,14473
20120918,174000,2001.80000,2003.00000,2001.40000,2002.10000,6511
20120918,174500,2001.60000,2003.70000,2001.50000,2003.10000,3723
20120918,175000,2002.00000,2004.00000,2001.70000,2002.90000,14119
20120918,175500,2002.80000,2003.40000,2001.70000,2002.50000,1773
20120918,180000,2002.50000,2004.20000,2001.00000,2002.20000,35568
20120918,180500,2002.30000,2003.40000,2000.50000,2001.90000,10634
20120918,181000,2001.40000,2004.30000,2000.90000,2003.70000,9888
20120918,181500,2003.00000,2004.10000,2001.20000,2002.40000,11242
20120918,182000,2002.60000,2002.60000,1998.50000,1999.60000,13822
20120918,182500,1999.60000,2000.00000,1993.80000,1994.60000,35923
20120918,183000,1994.60000,1994.70000,1990.80000,1993.60000,27875
20120918,183500,1993.60000,1996.90000,1991.00000,1991.00000,32537
20120918,184000,1991.00000,1995.80000,1988.90000,1990.00000,34582
20120919,100000,1997.00000,2006.20000,1995.10000,2005.50000,28557
20120919,100500,2006.50000,2010.00000,2005.00000,2006.10000,34868
20120919,101000,2006.90000,2008.00000,2004.00000,2005.80000,10124
20120919,101500,2005.70000,2005.70000,2003.50000,2003.90000,3199
20120919,102000,2003.40000,2004.00000,2002.30000,2003.90000,4248
20120919,102500,2003.90000,2005.00000,2003.60000,2004.30000,3728
20120919,103000,2005.00000,2007.00000,2005.00000,2006.00000,3979
20120919,103500,2005.40000,2008.00000,2005.00000,2007.20000,3220
20120919,104000,2007.80000,2007.90000,2003.20000,2003.20000,3659
20120919,104500,2003.80000,2003.80000,2002.00000,2002.10000,2332
20120919,105000,2002.20000,2002.30000,2001.30000,2002.10000,8221
20120919,105500,2001.30000,2001.60000,1999.00000,1999.00000,6514
20120919,110000,1999.60000,1999.70000,1997.10000,1998.20000,4545
20120919,110500,1997.30000,1997.90000,1991.90000,1992.00000,13103
20120919,111000,1992.20000,1992.80000,1990.00000,1990.90000,25665
20120919,111500,1991.50000,1994.60000,1987.00000,1987.50000,36560
20120919,112000,1987.50000,1990.40000,1986.20000,1988.80000,28870
20120919,112500,1988.80000,1988.80000,1980.00000,1980.00000,56283
20120919,113000,1980.20000,1983.30000,1979.00000,1981.90000,20653
20120919,113500,1982.60000,1982.60000,1975.80000,1975.80000,23695
20120919,114000,1975.90000,1978.40000,1975.60000,1978.40000,22512
20120919,114500,1978.40000,1979.50000,1978.00000,1979.20000,8865
20120919,115000,1978.70000,1981.70000,1978.10000,1979.50000,10189
20120919,115500,1978.90000,1981.70000,1975.00000,1975.50000,25635
20120919,120000,1975.50000,1978.30000,1974.30000,1977.00000,15238
20120919,120500,1976.10000,1981.20000,1976.10000,1981.10000,4527
20120919,121000,1981.20000,1983.30000,1978.20000,1982.10000,22434
20120919,121500,1981.50000,1983.40000,1981.10000,1983.40000,7692
20120919,122000,1982.80000,1982.80000,1979.20000,1979.20000,2944
20120919,122500,1979.90000,1981.80000,1974.50000,1974.60000,18247
20120919,123000,1974.50000,1975.10000,1964.60000,1966.30000,54566
20120919,123500,1966.30000,1974.50000,1966.30000,1972.70000,22017
20120919,124000,1972.70000,1974.70000,1972.30000,1974.00000,10585
20120919,124500,1973.80000,1977.30000,1972.10000,1973.20000,18457
20120919,125000,1972.30000,1972.70000,1966.30000,1971.50000,50039
20120919,125500,1970.60000,1976.00000,1969.40000,1974.50000,7272
20120919,130000,1974.10000,1976.10000,1971.20000,1974.60000,21750
20120919,130500,1974.40000,1977.00000,1972.80000,1976.00000,31912
20120919,131000,1976.00000,1978.80000,1976.00000,1977.20000,36485
20120919,131500,1977.20000,1985.00000,1977.20000,1984.50000,26386
20120919,132000,1984.40000,1984.40000,1981.20000,1983.00000,7788
20120919,132500,1982.60000,1984.20000,1982.60000,1982.60000,11739
20120919,133000,1983.40000,1983.40000,1980.10000,1980.60000,1876
20120919,133500,1980.20000,1980.70000,1977.40000,1979.00000,3085
20120919,134000,1978.90000,1983.70000,1977.60000,1983.70000,9641
20120919,134500,1983.80000,1984.80000,1983.20000,1983.20000,1768
20120919,135000,1982.70000,1985.00000,1982.50000,1984.90000,13794
20120919,135500,1984.90000,1986.00000,1983.80000,1985.60000,8137
20120919,140000,1986.00000,1987.30000,1985.00000,1986.70000,13685
20120919,140500,1986.60000,1987.80000,1986.60000,1987.00000,6158
20120919,141000,1987.00000,1987.20000,1984.70000,1985.80000,5235
20120919,141500,1985.00000,1985.80000,1981.10000,1981.10000,6434
20120919,142000,1981.20000,1981.30000,1976.70000,1977.10000,9771
20120919,142500,1977.80000,1977.90000,1971.50000,1976.50000,17579
20120919,143000,1976.30000,1977.60000,1975.00000,1975.00000,1925
20120919,143500,1975.30000,1976.00000,1974.80000,1975.10000,806
20120919,144000,1974.90000,1977.50000,1974.90000,1977.50000,4097
20120919,144500,1977.50000,1977.50000,1975.70000,1976.00000,1656
20120919,145000,1975.50000,1977.80000,1974.70000,1977.00000,25503
20120919,145500,1977.10000,1977.80000,1975.80000,1977.00000,7085
20120919,150000,1977.20000,1978.70000,1976.60000,1977.00000,8470
20120919,150500,1977.70000,1978.10000,1975.00000,1977.00000,5959
20120919,151000,1976.70000,1978.30000,1975.40000,1976.70000,5050
20120919,151500,1976.60000,1977.00000,1975.40000,1976.00000,4580
20120919,152000,1976.10000,1978.10000,1976.00000,1978.10000,3634
20120919,152500,1977.80000,1978.30000,1976.40000,1978.00000,2670
20120919,153000,1977.10000,1977.10000,1974.30000,1974.30000,2979
20120919,153500,1974.80000,1975.00000,1974.30000,1974.30000,12931
20120919,154000,1974.30000,1974.30000,1970.40000,1971.90000,47446
20120919,154500,1971.60000,1972.90000,1970.10000,1971.70000,28843
20120919,155000,1970.50000,1971.20000,1963.60000,1963.90000,30121
20120919,155500,1964.00000,1964.20000,1958.60000,1959.10000,55031
20120919,160000,1959.20000,1965.00000,1956.00000,1965.00000,35553
20120919,160500,1964.30000,1965.50000,1960.50000,1964.20000,19978
20120919,161000,1964.20000,1967.90000,1962.20000,1966.70000,11273
20120919,161500,1966.70000,1967.40000,1963.60000,1965.60000,8883
20120919,162000,1965.70000,1966.00000,1963.10000,1965.90000,4608
20120919,162500,1965.50000,1965.90000,1961.60000,1961.60000,7419
20120919,163000,1962.30000,1966.40000,1960.00000,1965.00000,8010
20120919,163500,1964.40000,1967.80000,1964.40000,1967.00000,16107
20120919,164000,1967.30000,1970.70000,1967.00000,1970.00000,33467
20120919,164500,1969.70000,1975.00000,1969.30000,1974.30000,20816
20120919,165000,1975.00000,1975.40000,1972.00000,1972.00000,24623
20120919,165500,1971.80000,1973.50000,1971.60000,1972.80000,8438
20120919,170000,1972.80000,1975.90000,1971.10000,1974.00000,16073
20120919,170500,1974.30000,1975.40000,1967.50000,1968.20000,12329
20120919,171000,1968.80000,1975.90000,1965.20000,1965.20000,13897
20120919,171500,1965.20000,1968.50000,1961.30000,1964.10000,23615
20120919,172000,1964.50000,1966.90000,1962.40000,1965.00000,5219
20120919,172500,1964.90000,1966.10000,1963.60000,1965.60000,7564
20120919,173000,1965.10000,1966.20000,1963.60000,1965.00000,24683
20120919,173500,1965.30000,1965.40000,1961.60000,1962.00000,17569
20120919,174000,1962.20000,1962.70000,1959.70000,1960.50000,13227
20120919,174500,1960.70000,1963.80000,1959.00000,1961.40000,22398
20120919,175000,1961.10000,1966.40000,1960.60000,1964.70000,7799
20120919,175500,1964.00000,1971.60000,1962.40000,1968.10000,12995
20120919,180000,1968.70000,1971.80000,1964.10000,1970.80000,14160
20120919,180500,1970.30000,1970.30000,1964.00000,1965.70000,16880
20120919,181000,1965.70000,1969.00000,1964.50000,1968.60000,5295
20120919,181500,1968.00000,1969.50000,1968.00000,1969.40000,36189
20120919,182000,1969.00000,1969.90000,1966.20000,1966.80000,5055
20120919,182500,1966.80000,1967.60000,1963.60000,1964.70000,6699
20120919,183000,1963.90000,1964.00000,1959.70000,1960.60000,26828
20120919,183500,1960.80000,1966.80000,1960.10000,1964.80000,13495
20120919,184000,1964.80000,1968.20000,1962.50000,1962.50000,50376
20120920,100000,1958.00000,1973.80000,1954.60000,1963.10000,80933
20120920,100500,1963.50000,1969.10000,1962.00000,1968.00000,31194
20120920,101000,1968.00000,1969.00000,1962.50000,1962.50000,16377
20120920,101500,1962.50000,1965.00000,1962.50000,1965.00000,7470
20120920,102000,1965.00000,1967.80000,1963.10000,1966.90000,15557
20120920,102500,1967.00000,1968.90000,1965.90000,1967.00000,15589
20120920,103000,1967.90000,1969.60000,1967.20000,1969.60000,13474
20120920,103500,1968.80000,1968.80000,1967.00000,1967.90000,1078
20120920,104000,1967.10000,1967.10000,1965.50000,1967.00000,3603
20120920,104500,1967.00000,1968.00000,1965.60000,1965.60000,2879
20120920,105000,1965.60000,1966.30000,1963.60000,1965.00000,3436
20120920,105500,1965.00000,1965.90000,1961.30000,1962.00000,11807
20120920,110000,1961.80000,1962.20000,1957.00000,1960.60000,26795
20120920,110500,1961.70000,1962.00000,1957.10000,1958.50000,14293
20120920,111000,1958.60000,1958.90000,1957.10000,1957.70000,9723
20120920,111500,1957.60000,1958.50000,1948.20000,1948.40000,66705
20120920,112000,1948.60000,1950.00000,1946.70000,1949.50000,45981
20120920,112500,1949.90000,1953.00000,1949.30000,1951.30000,13464
20120920,113000,1952.60000,1955.80000,1950.00000,1950.00000,33918
20120920,113500,1950.50000,1952.70000,1949.60000,1950.40000,9697
20120920,114000,1950.40000,1951.40000,1946.70000,1950.00000,7981
20120920,114500,1950.10000,1955.80000,1950.00000,1955.00000,10479
20120920,115000,1955.00000,1957.00000,1955.00000,1956.30000,17373
20120920,115500,1956.30000,1956.70000,1953.40000,1954.60000,15192
20120920,120000,1954.00000,1956.90000,1951.50000,1956.50000,10880
20120920,120500,1956.60000,1962.60000,1956.60000,1959.80000,18946
20120920,121000,1959.80000,1963.00000,1957.50000,1962.00000,7452
20120920,121500,1962.70000,1963.00000,1958.70000,1960.90000,19713
20120920,122000,1961.00000,1961.00000,1957.60000,1958.00000,3891
20120920,122500,1959.50000,1961.90000,1959.10000,1960.00000,3723
20120920,123000,1960.60000,1961.10000,1958.40000,1958.70000,4191
20120920,123500,1959.60000,1964.40000,1958.10000,1964.40000,10805
20120920,124000,1964.40000,1968.80000,1964.30000,1966.40000,18488
20120920,124500,1966.50000,1967.30000,1961.50000,1963.40000,9376
20120920,125000,1963.40000,1968.30000,1961.10000,1966.60000,12173
20120920,125500,1967.70000,1967.90000,1960.00000,1960.00000,20665
20120920,130000,1960.00000,1964.90000,1960.00000,1961.20000,11955
20120920,130500,1961.80000,1963.10000,1960.00000,1960.80000,6239
20120920,131000,1960.70000,1964.90000,1960.10000,1964.30000,5388
20120920,131500,1964.20000,1964.50000,1960.90000,1964.20000,4770
20120920,132000,1964.20000,1964.20000,1961.20000,1962.50000,9403
20120920,132500,1962.50000,1963.30000,1960.80000,1962.40000,4711
20120920,133000,1963.50000,1964.10000,1962.20000,1964.10000,2595
20120920,133500,1964.10000,1966.50000,1963.00000,1966.00000,5911
20120920,134000,1966.50000,1966.70000,1962.10000,1964.90000,6220
20120920,134500,1964.00000,1965.90000,1962.10000,1963.50000,14216
20120920,135000,1963.50000,1964.60000,1961.90000,1962.10000,11249
20120920,135500,1962.20000,1963.60000,1961.00000,1963.60000,7433
20120920,140000,1963.70000,1965.60000,1963.00000,1964.00000,4997
20120920,140500,1964.00000,1966.00000,1962.90000,1964.70000,9088
20120920,141000,1964.90000,1966.00000,1964.90000,1965.00000,2950
20120920,141500,1966.00000,1966.10000,1961.50000,1962.10000,10845
20120920,142000,1961.90000,1964.00000,1961.00000,1963.20000,2711
20120920,142500,1963.20000,1964.40000,1963.10000,1964.00000,1628
20120920,143000,1963.80000,1969.70000,1963.40000,1969.30000,11517
20120920,143500,1969.50000,1972.30000,1968.20000,1968.60000,14561
20120920,144000,1969.00000,1969.20000,1965.60000,1967.70000,2406
20120920,144500,1967.30000,1967.50000,1965.10000,1967.00000,6943
20120920,145000,1967.00000,1971.90000,1966.30000,1970.20000,9188
20120920,145500,1970.20000,1971.30000,1966.60000,1966.60000,8745
20120920,150000,1966.80000,1969.00000,1966.80000,1968.00000,1413
20120920,150500,1968.00000,1968.00000,1965.10000,1966.40000,4446
20120920,151000,1967.00000,1968.30000,1965.80000,1965.80000,1633
20120920,151500,1966.10000,1969.70000,1964.90000,1966.00000,18073
20120920,152000,1964.90000,1966.00000,1964.00000,1964.90000,3843
20120920,152500,1964.70000,1965.10000,1956.10000,1956.10000,30070
20120920,153000,1956.10000,1960.40000,1955.50000,1957.80000,8276
20120920,153500,1957.90000,1959.80000,1957.40000,1958.30000,3969
20120920,154000,1958.40000,1959.20000,1956.10000,1958.60000,5886
20120920,154500,1958.30000,1959.90000,1958.00000,1958.00000,2995
20120920,155000,1958.20000,1959.00000,1956.50000,1957.40000,6018
20120920,155500,1957.60000,1959.90000,1956.50000,1957.20000,8299
20120920,160000,1958.30000,1963.80000,1958.30000,1963.80000,6010
20120920,160500,1962.50000,1963.40000,1962.10000,1962.20000,2071
20120920,161000,1962.20000,1963.40000,1962.20000,1962.20000,978
20120920,161500,1962.30000,1963.10000,1960.10000,1961.50000,6872
20120920,162000,1962.20000,1963.40000,1960.30000,1962.30000,1336
20120920,162500,1962.50000,1963.30000,1962.40000,1962.80000,660
20120920,163000,1962.80000,1964.20000,1956.40000,1964.20000,17554
20120920,163500,1964.10000,1964.10000,1961.10000,1962.80000,9425
20120920,164000,1962.20000,1966.00000,1960.90000,1964.00000,20999
20120920,164500,1964.10000,1965.80000,1963.80000,1965.80000,10364
20120920,165000,1965.00000,1967.80000,1965.00000,1967.00000,8123
20120920,165500,1967.00000,1967.00000,1965.00000,1965.00000,5604
20120920,170000,1965.10000,1966.90000,1962.70000,1966.90000,21690
20120920,170500,1966.90000,1966.90000,1963.20000,1965.00000,4100
20120920,171000,1965.00000,1966.90000,1963.90000,1963.90000,1720
20120920,171500,1963.90000,1964.20000,1962.20000,1964.00000,17281
20120920,172000,1964.00000,1964.00000,1962.50000,1962.50000,2789
20120920,172500,1962.50000,1963.50000,1961.00000,1961.90000,3590
20120920,173000,1962.00000,1966.50000,1960.10000,1966.50000,6273
20120920,173500,1966.50000,1968.50000,1963.00000,1968.50000,7566
20120920,174000,1968.50000,1969.10000,1963.20000,1963.40000,17273
20120920,174500,1963.50000,1965.20000,1958.00000,1958.40000,14057
20120920,175000,1958.40000,1962.00000,1958.00000,1960.00000,10987
20120920,175500,1960.00000,1961.40000,1958.10000,1960.00000,2520
20120920,180000,1961.20000,1964.90000,1960.40000,1964.90000,14344
20120920,180500,1964.20000,1968.50000,1964.10000,1966.20000,30535
20120920,181000,1965.30000,1965.50000,1961.90000,1964.00000,38587
20120920,181500,1964.00000,1967.40000,1963.40000,1966.50000,12761
20120920,182000,1966.10000,1966.10000,1962.80000,1965.00000,24547
20120920,182500,1965.00000,1969.40000,1965.00000,1969.40000,27702
20120920,183000,1969.30000,1971.50000,1966.40000,1970.00000,35795
20120920,183500,1970.00000,1971.90000,1969.50000,1971.90000,33742
20120920,184000,1971.40000,1973.00000,1957.00000,1961.80000,47258
20120921,100000,1977.00000,1986.00000,1976.60000,1981.00000,39083
20120921,100500,1981.00000,1983.00000,1979.90000,1980.10000,10342
20120921,101000,1980.30000,1980.30000,1978.50000,1978.80000,6377
20120921,101500,1978.80000,1983.00000,1977.70000,1982.60000,14511
20120921,102000,1981.90000,1982.60000,1981.60000,1982.00000,851
20120921,102500,1982.40000,1982.40000,1977.10000,1977.40000,6738
20120921,103000,1978.10000,1979.40000,1976.00000,1978.00000,17088
20120921,103500,1978.00000,1978.10000,1976.10000,1976.70000,7339
20120921,104000,1976.60000,1980.60000,1976.10000,1980.50000,9594
20120921,104500,1980.50000,1981.00000,1980.50000,1980.50000,5584
20120921,105000,1980.90000,1981.00000,1975.00000,1975.00000,14741
20120921,105500,1975.10000,1977.70000,1975.00000,1976.00000,2735
20120921,110000,1976.00000,1982.50000,1976.00000,1981.90000,32816
20120921,110500,1981.90000,1983.70000,1980.00000,1980.20000,11982
20120921,111000,1980.70000,1981.60000,1979.90000,1980.60000,14226
20120921,111500,1980.50000,1982.70000,1978.60000,1979.70000,33228
20120921,112000,1979.00000,1985.20000,1978.50000,1984.80000,25638
20120921,112500,1984.50000,1986.00000,1983.50000,1985.50000,9908
20120921,113000,1985.40000,1985.80000,1982.10000,1983.10000,4545
20120921,113500,1982.30000,1984.60000,1982.00000,1983.80000,10364
20120921,114000,1983.70000,1984.10000,1980.10000,1980.20000,11852
20120921,114500,1980.80000,1982.70000,1980.40000,1981.90000,2248
20120921,115000,1981.60000,1982.50000,1979.50000,1979.50000,18983
20120921,115500,1979.50000,1980.90000,1979.30000,1980.00000,3036
20120921,120000,1980.00000,1981.50000,1979.00000,1980.00000,6649
20120921,120500,1980.00000,1980.20000,1978.50000,1979.80000,6228
20120921,121000,1979.80000,1979.90000,1977.20000,1977.30000,10645
20120921,121500,1977.30000,1977.80000,1975.10000,1975.90000,17314
20120921,122000,1976.90000,1978.00000,1976.00000,1976.30000,6063
20120921,122500,1977.00000,1980.60000,1976.30000,1979.00000,6517
20120921,123000,1979.80000,1979.80000,1976.40000,1978.80000,9112
20120921,123500,1978.10000,1979.20000,1976.10000,1977.00000,22088
20120921,124000,1978.20000,1978.20000,1975.00000,1975.10000,13439
20120921,124500,1975.00000,1975.50000,1973.60000,1974.70000,8718
20120921,125000,1974.50000,1975.90000,1974.00000,1975.20000,3593
20120921,125500,1974.90000,1974.90000,1970.20000,1971.70000,13880
20120921,130000,1971.80000,1973.30000,1970.10000,1973.30000,14229
20120921,130500,1972.70000,1973.70000,1970.00000,1970.80000,8645
20120921,131000,1970.90000,1971.60000,1967.70000,1968.80000,9607
20120921,131500,1968.80000,1970.50000,1968.40000,1968.80000,1636
20120921,132000,1968.80000,1968.80000,1960.60000,1961.20000,39613
20120921,132500,1962.00000,1967.40000,1961.90000,1965.50000,28737
20120921,133000,1965.50000,1967.90000,1963.90000,1964.50000,3658
20120921,133500,1964.90000,1968.50000,1964.90000,1967.60000,1585
20120921,134000,1967.70000,1968.50000,1966.60000,1966.70000,3256
20120921,134500,1966.80000,1966.80000,1962.20000,1962.20000,4631
20120921,135000,1962.20000,1963.30000,1959.50000,1963.20000,19027
20120921,135500,1963.00000,1963.00000,1960.60000,1960.60000,8534
20120921,140000,1960.50000,1961.50000,1954.60000,1955.60000,21846
20120921,140500,1955.60000,1957.30000,1954.60000,1957.30000,8444
20120921,141000,1957.00000,1957.00000,1956.10000,1956.80000,782
20120921,141500,1956.60000,1957.00000,1955.70000,1955.70000,1556
20120921,142000,1956.00000,1956.00000,1953.80000,1955.00000,2752
20120921,142500,1955.50000,1957.50000,1955.40000,1957.50000,1421
20120921,143000,1956.80000,1959.70000,1956.80000,1959.20000,7042
20120921,143500,1959.20000,1959.90000,1958.30000,1958.60000,2050
20120921,144000,1958.40000,1959.90000,1957.30000,1959.90000,4916
20120921,144500,1959.50000,1961.50000,1959.20000,1960.00000,2221
20120921,145000,1960.00000,1960.70000,1958.00000,1958.00000,2180
20120921,145500,1958.40000,1958.90000,1956.70000,1957.30000,2277
20120921,150000,1957.30000,1964.00000,1956.60000,1964.00000,7780
20120921,150500,1963.00000,1964.50000,1962.20000,1963.20000,8059
20120921,151000,1963.20000,1963.20000,1962.50000,1963.00000,525
20120921,151500,1962.60000,1963.00000,1961.00000,1961.70000,1422
20120921,152000,1962.20000,1962.70000,1960.60000,1962.20000,1214
20120921,152500,1961.30000,1962.20000,1959.70000,1961.70000,403
20120921,153000,1962.00000,1962.50000,1959.60000,1960.00000,11858
20120921,153500,1960.90000,1962.10000,1960.00000,1960.80000,13113
20120921,154000,1961.30000,1964.00000,1961.30000,1964.00000,2078
20120921,154500,1964.20000,1964.70000,1962.90000,1964.40000,8781
20120921,155000,1964.30000,1966.60000,1962.80000,1966.00000,6417
20120921,155500,1966.00000,1967.50000,1965.80000,1967.50000,1816
20120921,160000,1967.50000,1967.50000,1966.40000,1967.50000,973
20120921,160500,1967.10000,1967.40000,1966.60000,1967.00000,1727
20120921,161000,1967.40000,1967.50000,1966.60000,1966.80000,2614
20120921,161500,1966.70000,1967.30000,1965.30000,1965.50000,4902
20120921,162000,1966.00000,1966.60000,1964.00000,1964.50000,3394
20120921,162500,1964.50000,1968.00000,1962.80000,1967.00000,33136
20120921,163000,1967.00000,1967.20000,1961.80000,1963.90000,11007
20120921,163500,1964.70000,1964.70000,1961.60000,1961.70000,2460
20120921,164000,1962.10000,1965.60000,1962.00000,1965.50000,1647
20120921,164500,1965.70000,1966.30000,1962.70000,1962.70000,17176
20120921,165000,1962.70000,1963.50000,1960.80000,1962.20000,15593
20120921,165500,1961.40000,1963.20000,1961.10000,1961.90000,4285
20120921,170000,1962.80000,1965.90000,1961.90000,1961.90000,9253
20120921,170500,1961.80000,1962.50000,1959.20000,1960.90000,6299
20120921,171000,1960.20000,1960.20000,1957.20000,1958.20000,6639
20120921,171500,1958.10000,1963.20000,1958.00000,1963.20000,2040
20120921,172000,1963.50000,1963.70000,1962.80000,1963.50000,1359
20120921,172500,1963.20000,1963.50000,1960.50000,1960.80000,15301
20120921,173000,1961.00000,1964.00000,1960.10000,1962.50000,6995
20120921,173500,1963.00000,1965.00000,1962.50000,1963.70000,19008
20120921,174000,1964.60000,1964.70000,1959.90000,1961.00000,17135
20120921,174500,1961.00000,1962.00000,1959.90000,1962.00000,14006
20120921,175000,1961.30000,1962.00000,1960.00000,1960.10000,4296
20120921,175500,1960.30000,1960.30000,1958.30000,1958.30000,2131
20120921,180000,1958.10000,1958.50000,1954.50000,1955.10000,13512
20120921,180500,1955.10000,1958.10000,1953.70000,1957.60000,29560
20120921,181000,1956.90000,1957.60000,1955.00000,1955.00000,8647
20120921,181500,1955.50000,1956.30000,1954.10000,1954.30000,17860
20120921,182000,1954.30000,1956.70000,1954.00000,1955.10000,10325
20120921,182500,1955.60000,1956.40000,1954.40000,1955.40000,10515
20120921,183000,1954.90000,1956.00000,1952.00000,1954.10000,8214
20120921,183500,1954.20000,1954.80000,1947.10000,1947.10000,44408
20120921,184000,1947.10000,1948.90000,1943.10000,1943.50000,97329